batch_size = 4
num_epochs = 5
lr = 1.575132049977973e-05
weight_decay = 0.0020513382630874496
dropout = 0.21559945203362027
num_frozen_layers = 0
hidden_size = 768
num_layers_gru = 2
f1 = -inf
