lr = 2.7676263131199924e-05
weight_decay = 0.005264515322041248
dropout = 0.32043569633620622
num_frozen_layers = 1
batch_size = 32
num_epochs = 5
warmup_ratio = 0.05
grad_clip = 1.6
f1 = -0.4946
